%YAML:1.0 # need to specify the file type at the top!

cam0:
  T_cam_imu:
    - [0.9999711474430529, 0.0013817010649267755, -0.007469617365767657, 0.00018050225881571712]
    - [-0.0014085305353606873, 0.9999925720306121, -0.00358774655345255, -0.004316353415695194]
    - [0.007464604688444933, 0.0035981642219379494, 0.9999656658561218, -0.027547385763471585]
    - [0.0, 0.0, 0.0, 1.0]
  cam_overlaps: []
  camera_model: pinhole
  distortion_coeffs: [-0.027576733308582076, -0.006593578674675004, 0.0008566938165177085, -0.00030899587045247486]
  distortion_model: equidistant
  intrinsics: [172.98992850734132, 172.98303181090185, 163.33639726024606, 134.99537889030861]
  resolution: [346, 260]
  rostopic: /dvs/events
  timeshift_cam_imu: 0.005532805640108713
# cam1:
#   T_cam_imu:
#     - [-0.011823057800830705, -0.9998701444077991, -0.010950325390841398, -0.057904961033265645]
#     - [0.011552991631909482, 0.01081376681432078, -0.9998747875767439, 0.00043766687615362694]
#     - [0.9998633625093938, -0.011948086424720228, 0.011423639621249038, -0.00039944945687402214]
#     - [0.0, 0.0, 0.0, 1.0]
#   T_cn_cnm1:
#     - [0.9998053017199788, 0.011197738450911484, 0.01624713224548414, -0.07961594300469246]
#     - [-0.011147758116324, 0.9999328574031386, -0.0031635699090552883, 0.0007443452072558462]
#     - [-0.016281466199246444, 0.00298183486707869, 0.9998630018753686, 0.0004425529195268342]
#     - [0.0, 0.0, 0.0, 1.0]
#   cam_overlaps: [0]
#   camera_model: pinhole
#   distortion_coeffs: [-0.008456929295619607, 0.011407590938612062, -0.006951788325762078,
#                       0.0015368127092821786]
#   distortion_model: equidistant
#   intrinsics: [277.61640629770613, 277.63749695723294, 314.8944703346039, 236.04310050462587]
#   resolution: [640, 480]
#   rostopic: /snappy_cam/stereo_r
#   timeshift_cam_imu: -0.016591431247074982